100004189
100005237
100007550
100010397
100010564
100010612
100015328
100015595
100018459
100018712
100018720
100019428
100020521
100020691
100025247
100029428
100031092
100032891
100036109
100041924
100047801
100049216
100055005
100056298
100056678
100058266
100058394
100058484
100058774
100058944
100059723
100059862
10006046
100060586
100060655
100061059
100061587
100061862
100061980
100062122
100062481
100062701
100063042
100063158
100063221
100063292
100063692
100063969
100064078
100064275
100064374
100066962
100068612
100068812
10007088
100076241
100080548
100082887
100083863
100084474
100085586
100085889
100086032
100086257
100086496
100087502
100087835
100087840
10009041
100091252
100094303
100094985
100097445
100097599
100097718
100102954
100104511
100112981
100113607
100116756
100128768
100128872
100130080
100132553
100132714
100134175
100137363
100139799
100140614
100140917
100141401
100141448
100141726
100141912
100142872
100144178
100151700
100159444
100161003
100162499
100166343
100169406
100170631
100170818
100172052
100172770
100172959
100177610
100178944
100194591
100196565
100214824
100215754
100218334
100219750
100219946
100220562
100221116
100222260
100231133
100232171
100232182
100233102
100236737
100239810
100244274
100245615
100246962
100247693
100251306
100260496
100262049
100262409
100263578
100264769
100265508
100266897
100270123
100275016
100279451
10028124
100281483
100283176
100288722
100288969
100291175
100292634
100293183
100293557
100293865
100295861
100295946
100296077
100296330
100296976
100297542
100297919
100297970
100298252
100305898
100315481
100315951
100316403
100318201
100320926
100324157
100327348
100328348
100330489
1003311
100332902
100332952
100333004
100333045
100335956
100336518
100336718
100337012
100337240
100337477
100337764
100338720
100338764
100339119
100340362
100340411
100340514
100342961
100343099
100344935
10034854
100354932
10035697
100357175
100357374
100362069
100369878
100370279
100370701
100374735
100378380
100380863
100387598
100391672
100393685
100394086
100396975
100398873
100399130
100399144
100399325
100400681
100403831
100405974
100408573
100409843
100410683
100415695
100420806
100421273
100423939
100424887
100425066
100425100
100426698
100428043
100428212
100433612
100433729
100434551
100435184
100437127
100438363
100441400
100441415
100446840
100451977
100452078
100453266
100455929
100456336
100456363
100456391
100456458
100457328
100457408
100459835
100460340
100460405
100461439
100463339
100463364
100463519
100464186
100464642
100468083
100468296
100469375
100469953
100470120
100473843
100477585
100478779
100480523
100481808
100493331
100494732
100494765
100496603
100498413
100500034
100500093
100503275
100503292
100503293
100504851
100511320
100511605
100520481
100521934
100521938
100523857
100524079
100527254
100527593
100528102
100528183
100528638
100532734
100532766
100542640
100545129
100545735
100547592
100548487
100551947
100552423
100554865
100556099
100560071
100563053
100566287
100576861
100583345
100584066
100584653
100590821
100610395
100611536
100614509
100619268
100624528
10062464
100629083
100629543
100630474
100630539
100630564
100630983
100633698
100635357
100642963
100644447
100645434
100647422
100650063
100653248
100655375
10065766
100659317
100661433
100661709
100665540
100667972
100673952
100677349
100679541
100680008
100685144
100685510
100686855
100688178
100689544
100689790
100690076
100690411
100690598
100691295
100692971
100693902
10069416
100694260
100694917
100696585
100701780
100704615
100706303
100712333
100712336
100712745
100719661
100728238
100728693
100730897
100733732
100736344
100736445
100741494
100742083
100745635
100745690
100748257
100748286
100748302
100748526
100748765
100749159
100749398
100749444
100749834
100749849
100750178
100750537
100750559
100750564
100750573
100750755
100751622
100752080
100752496
100752822
100753608
100754012
100755435
100755464
100755469
100756776
100758724
100758952
100760989
100761013
100761830
100764285
100764917
100765006
100765233
100768870
100769884
100774234
100776965
100777922
100778081
100780450
100784955
100787355
100788249
100788369
100788445
100788731
100788941
100789372
100790067
100790382
100790437
100794870
100796356
100798038
100798069
100798103
100800139
100800208
100804645
100807093
100807912
100809666
100809776
100810508
100811327
100812470
100812575
100812645
100815616
100815661
100816505
100816677
100816956
100817232
100817944
100818933
100819191
100819297
100819313
100819353
100819915
100821699
100821909
100822384
100823559
100824398
100826318
100826868
100827239
100827475
100827704
100829107
100829470
100830321
100830377
100830672
100834123
100838587
100839189
100843460
100844256
100847270
100847280
100847612
100847946
100847952
100848007
100850042
100854450
100855468
100855516
100855609
100857813
100858601
100859348
100859561
100860482
100861348
100862125
100862145
100864258
100864428
100864914
100868459
100869852
100870260
100871728
100872994
100873708
100873718
100874612
100874816
100875120
100875375
100875976
100876015
100876299
100877175
100877188
100877241
100877342
100877621
100877853
100877898
100880596
100881646
100881714
100881952
100882325
100882330
100882487
100883234
100886633
100886839
100887554
100887595
100888180
100888298
100888806
100888838
100888847
100889160
100890008
100892209
100892323
100894596
100896422
100897401
100899848
100899989
100900197
100901027
100901970
100906154
100906960
100907802
100909405
100910373
100910403
100914506
100915266
100915663
100917711
100918161
100918177
100918325
100918367
100918535
100918904
100918928
10092311
100924276
100925161
100925198
100926797
100926882
100928327
100930450
100933958
100938143
100938775
100939516
100941556
100943095
100943390
100944857
100944933
100944998
100945087
100946720
100946794
100947091
10094726
100947762
100948669
100949182
100949237
100949262
100949326
100949402
100951372
100951730
100951841
100952143
100952535
100954958
100973399
100976076
100976138
100976417
100979254
100979465
100980181
100982924
100987675
100988216
100991726
101001475
101001610
101002412
101003390
101004637
101004970
101006292
101006776
101007623
101010199
101010386
101010392
10101082
101022684
101025093
101026872
101027824
101027876
101030502
101034623
101036005
101041924
101044264
101049250
101050256
101050362
101052202
101061447
101062133
101062184
101066716
101066920
101067211
101069522
101071820
101073022
101075355
101082559
101082774
101083043
101087212
101090014
101090034
101090241
101092950
101093018
101093118
101093450
101094630
101094662
101096325
101096528
101097017
101098867
101101108
101101788
101102035
101103165
101104381
101105206
101105287
101109290
101116484
101118266
101118638
101118692
101119106
101119124
101119389
101119653
101121106
101121439
101123679
101124203
101125692
101127745
101129841
101130751
101132343
101135627
101137308
101140096
101141108
101144215
101145531
101151264
101151560
101152078
101152162
101152281
101153451
101154255
101155263
101156182
101157681
101160333
101164931
101165067
101165179
101165901
101166320
101169098
10117163
101171693
101171762
101172669
101177197
101178943
101178960
101179306
101179578
101181013
101181042
101181047
101181307
101181796
101181996
101182388
101182563
101183209
101184402
101184492
101184705
101187173
101188394
101188528
101189812
101190187
101190757
101192063
101194970
101195101
101198206
101199516
101201597
101202957
101203316
101211233
101212407
101212547
101212648
101212954
101213090
101214342
101214685
101215241
101215461
101217665
101217718
101217739
101218486
101218894
101219049
101219486
101219560
101222304
101222344
101222379
101222575
101222996
101223622
101223881
101223920
101224348
101225060
101225767
101225989
101225993
101226452
101227082
101229559
101230605
101230723
101231043
101231305
101231504
101240214
101242057
101244088
101244998
101247527
101251047
101251160
101253230
101253504
101253875
101254211
101254371
101254857
101254913
101255815
101257402
101259724
101260285
101261057
101261255
101263844
101265503
101265935
101266433
101269326
101270441
101271323
101271335
101272004
101272206
101274601
101275171
101275734
101275830
101275834
101276781
101277443
101277540
101277695
101278755
101279079
101279672
101279991
101280472
101280686
101281966
101283956
101284459
101285158
101288959
101293634
101295308
101295733
101295932
101296044
101297895
101298123
101300034
101300425
101300995
101301047
101301082
101301240
101301397
101302075
101303409
101303851
101304130
101307780
101307979
101308295
101308475
101309232
101309925
101310055
101311698
101311858
101311884
101312116
101312348
101312627
101313089
101313763
101316149
101317327
101317906
101317941
101318206
101318848
10132068
101320767
101322396
101322569
101323481
101323609
101327430
101329146
101329212
101330422
101331690
101339926
101341839
101341944
101347418
101347804
101350056
101350232
101350641
101351593
101355033
101355380
101355528
101355627
101356300
10136093
101362063
101368397
101368505
101369073
101369282
101369926
101373237
101374705
101375222
101375863
101376783
101382654
101388754
101388965
101388973
101389209
101389892
101390237
101390861
101391554
101391964
101392722
101392760
101393431
101399523
101402075
101403051
101411725
101412841
101416940
101416944
101417460
101418344
101420317
101420909
101422214
101424994
101427198
101429167
101438818
101438826
101438868
101439682
10144379
101444313
101446174
101457514
101457814
101461185
101461370
101461920
101464623
101467190
101467414
101473051
101486669
101486893
101487975
101502076
101503620
101503700
101504605
101507520
101508456
101509654
101514359
101517266
101519098
101519990
101522212
101528306
101528315
101532006
101535762
101536064
101539052
101541178
101542679
101542930
101543218
101543416
101546036
101546714
101546848
101547098
101547832
101549514
101549672
101550130
101550168
101550175
101550679
101552604
101552861
101555092
101557016
101559619
101563679
101566467
101566468
101569584
101571539
101573172
101574016
101574070
101574803
101575181
101577184
101579160
101584353
101584695
101584743
101584807
101584868
101586450
101586470
101586852
101586906
101587105
101587118
101587428
101587524
101587771
101594015
101595442
101595712
101595951
101597473
101598558
101601792
101604579
101604816
101606705
101609577
101609584
101609698
101613135
101614055
101617365
101618862
101619291
101622067
101624543
101626344
101627101
101627579
101627977
101628026
101628351
101628635
101629528
101629585
101633825
101639372
101642220
101642729
101642829
101642895
101645106
101645252
101645512
101645883
101648041
101650595
101650984
101652021
101652033
101652102
101655060
101655982
101656761
101659028
101662792
101663206
101665648
101668692
101670107
101676973
101677646
101679570
101679644
101680356
101680733
101680746
101680764
101680848
101681003
101681076
101682076
101682199
101683090
101686728
101687255
101687765
101688407
101690509
101692003
101692491
101694374
101694556
101694753
101696867
101697791
101698067
101698848
101699104
101699801
101699836
101701117
101701921
101702419
101702424
101703173
101705110
101705113
101706189
101707451
101710518
101710549
101711354
101712526
101713281
101717103
101717760
101717809
101718324
101718856
101720678
101721952
101722131
101722330
101724324
101724866
101726234
101727522
101727614
101729175
101729658
101731253
101732109
101732236
101732318
101732849
101733165
101733850
101733928
101734854
101736325
101736333
101736356
101742682
101744463
101748054
101749928
101750389
101750936
101751151
101752919
101755339
101760897
101762103
101762223
101762296
101763014
101763667
101764049
101771268
101771396
101773427
101773740
101774065
101774840
101774915
101775010
101777141
101777534
101778067
101778355
101780382
101780388
101780760
101781285
101782423
101783549
101785251
101785577
101786159
101787589
101788597
101797725
101799122
101802920
101808615
101809099
101810830
101811002
101812507
101812973
101813082
101814403
101816169
101816357
101818300
101819522
101821590
101822524
101824048
101824445
101825235
101825330
101825368
101825619
101825926
101828445
101828461
101829347
101829627
101830801
101831595
101834719
101834984
101835552
101837330
101837389
101839485
101839850
101840424
101841392
101841705
101842282
101843860
101843928
101843946
101844473
101845945
101846430
101846681
101846845
101847164
101848082
101848141
101848201
101849144
101851500
101854631
101861601
101862674
101864489
101866106
101867667
101867892
101870285
101870304
101871587
101872375
101872863
101873632
101874082
101875558
101877632
101878037
101879877
101881608
101882626
101884615
101892709
101893633
101901928
10190243
101903267
101903881
101905613
101908601
101911957
101914821
101916637
101920961
101939250
101941931
101951334
101951745
101956556
101957797
101957803
101958100
101959244
101959482
101959591
101961101
101962043
101963025
101963484
101964968
101966988
101968265
101980708
101982125
101983264
101985903
101987834
101988536
101988664
101989168
101990520
101992603
101993130
101993146
101995918
101996593
10199751
101998182
101998607
102000184
102005128
10200843
102008698
102009119
102012421
102013561
102013752
102021507
102022260
102022447
102024389
102024413
102025009
102033803
102035093
102036703
102039685
102041783
102042277
102042287
102043131
102049448
102050277
102050350
102051055
102056224
102056294
102057588
102062794
102063102
102064055
102066877
102066940
102067476
102067694
102069238
102070050
102070055
102070568
102070606
102071407
102071969
102074178
102074533
102076897
102077945
102079123
102083948
102085055
10208777
102089084
102089558
102091907
102093640
102094072
102094456
102094865
102095080
102095298
102096247
102096314
102097613
102097645
102099500
102100345
102100471
102100614
102101017
102101260
102102435
102103391
102103939
102103963
102105060
102105188
102105262
102106094
102106299
102106300
102106304
102106885
102107341
102110537
102112692
102116724
102117996
102118403
102120304
102120654
102125093
102129904
102131403
102131877
102138281
102139009
102139378
102139801
102143268
102144310
102144521
102144629
102144765
102144770
102144912
102147389
102147871
102149193
102150546
102153264
102153720
102153812
102154214
102157323
102158321
102158364
102161094
102161262
102161674
102161764
102161951
102162013
102162028
102162482
102162579
102162884
102163163
102163524
102163693
102163786
102166943
102167051
102167808
102167940
102168413
102169812
102175258
102176493
102176633
102180074
102180382
102185291
102185320
102190265
102190341
10219102
102196026
102197571
102197796
102197983
102199182
102199960
102200102
102200122
102201441
102201495
102201583
102201728
102201782
102201821
102202640
102203301
102203355
102203895
102212108
102213108
102213143
102214247
102217958
102222347
102222357
102222979
102224713
102226091
102227375
102227391
102227864
102228484
102228882
102232141
102233014
102233136
102233758
102234445
102235089
102235406
102235985
102236105
102237977
102238276
102244015
102244587
102245590
102246788
102247661
102248344
102255618
102255964
102259203
102259222
102259254
102264956
102265742
102266129
102266155
102271084
102271140
102274212
102274518
102274756
102274881
102275149
102279033
102279547
102282269
102283618
102283632
102283879
102284553
102287809
102293336
102295465
102298749
102299048
102300048
102301396
102302934
102302986
102303828
102304500
102307580
102308498
102311044
102311058
102319057
102320985
102322851
102331342
102333038
102333051
102336895
10233873
102340455
102343458
102346026
102347915
102348130
102348310
102349121
102351740
102354475
102355374
102355826
102359320
102366490
102367491
102367662
102368805
102371068
102371877
102374155
102376015
102379031
102379393
102380040
102380566
102386311
102387126
102393607
102394363
102403218
102403243
102403327
102403468
102403537
102403751
102404718
102405664
102406832
102406891
10240692
102407837
102412854
102413231
102413457
102413755
102422765
102422809
102422840
102422848
102424592
102424723
102428819
102432100
102437250
102438228
102440359
102444860
102447318
102452504
102452665
102456947
102457461
102458654
102458661
102461616
102462742
102462752
102464345
102468907
102475000
102477748
10247932
102483041
102483428
102485487
102486271
102487190
102487467
102487503
102487609
102487990
102488100
102488247
102488372
102488506
102488600
102488631
102489270
102490760
102492828
102493603
102494516
102494827
102495029
102495107
102495634
102496079
102496205
102502344
102506020
102506869
102512067
102512926
102514485
102517450
102518423
102518991
102519621
102519896
102519973
102520143
102520583
102523253
102523431
102523450
102523512
102523727
102524375
102524690
102525013
102525403
102528890
102528923
102529512
102529541
102529660
102529789
102529845
102530461
102538292
102541956
102542735
102543729
102544950
102545826
102545942
102546688
102546718
102547303
102548141
102548443
102548952
102548981
102552085
102553072
102555354
102555357
102555989
102556807
102557389
102558283
102561005
102562707
102562736
102562843
102563534
102564324
102564574
102565910
102568170
102568798
102570993
102575737
102579974
102580486
102580840
102582132
102582232
102582740
102582851
102584271
102584346
102589198
102589305
102590105
102590682
102591988
102593743
102594782
102596915
102597508
102598403
102600528
102601691
102602223
102602380
102603206
102607134
102607626
102607958
102608023
102609437
102611416
102611426
102613012
102616262
102619257
102619269
102619885
102621747
102623699
102623945
102624518
102624613
102625185
102630915
102631284
102632262
102632919
102637389
102638397
102644178
102645480
102647345
102647664
102647831
102648117
102648276
102651632
102652825
102653803
102657750
102657755
102659074
102659296
102663483
102663644
102670848
102672595
102676974
102677447
102677623
102677654
102677824
102677858
102678261
102678545
102678582
102678688
102679360
102681148
102681349
102681594
102681715
102682879
102683544
102685796
102687363
102687426
102688777
102691911
102692275
10269690
10269698
102699118
102701744
102705564
102705567
1027065
102709524
102710871
102711278
102711307
102711373
102711509
102712351
102713923
102714913
102715451
102715528
102715598
102717745
102717993
102718959
102720311
102720520
102722515
102723565
102724922
102727379
102730340
102731060
102731831
102734572
102737632
102737740
102740336
102740573
102740841
102741176
102742533
102743235
102743375
102743588
102743970
102748131
102748144
102748714
102749521
102749829
102750518
102750809
102754669
102756144
102764457
102766279
102766427
102769264
102773139
102778559
102785662
102791755
102792881
102792936
102793986
102794930
102795150
102795196
102795846
102797816
102798421
102805352
102805454
102810023
102812300
102812596
102814820
102820937
10282138
102824872
1028252
102827951
102829315
102831889
102835836
102844994
102848307
102848432
102850036
102850383
102851393
102852157
102853172
102854547
102856634
102857538
102860876
102861354
102866552
102869138
102874741
102877276
102878938
102883884
10288409
102885105
102885490
102886109
102886651
102888531
102888892
102889111
102889195
102891416
102895323
102896835
102897322
102897816
102898073
102898229
102899940
102900046
102900449
102900526
102901801
102903310
102903408
102903641
102905229
102909281
102909329
102910423
102911897
102912038
102913431
102913721
102915278
102919124
102919266
102921713
102923032
102923417
102923683
102924835
102925954
102925959
102927402
102927697
102928541
102928736
102928739
102929606
102929824
102930667
102931380
102931841
102932546
102932575
102932617
102932996
102934247
102934359
102935010
102935703
102935813
102935877
102936524
102936844
102938331
102940263
102943531
102945388
102947767
102947851
102947876
102948201
102954014
102954130
102954148
102955625
102956567
102956718
102958694
102960476
102960676
102961010
102961820
102962341
102965001
102967237
102967745
102968462
102968622
102970838
102970841
102971182
102971802
102972440
102973123
102973162
102974617
102974960
102975387
102975743
102976525
102977019
102977611
102979571
102981694
1029823
102984085
102985347
102986078
102986129
102986143
102986283
102986406
102986512
102986567
102986658
102986682
102986702
102987819
102990544
102992121
102994468
102997975
102997987
102999163
103001679
103003947
103005464
103006641
103006914
103007118
103007413
103007781
103007826
103008131
103008443
103008825
103009327
103012064
103012410
103012472
103012534
103014304
103015304
103015454
103016292
103016849
103017168
103017295
103017491
103018374
103019955
103021105
103022800
103023172
103023434
103025686
103027161
103028358
103029340
103029542
103031102
103031166
103031326
103032216
103032768
103032782
103033103
103034644
103036431
103037187
103039565
103045536
103048015
103048066
103048853
103049433
103049445
103049924
103051300
103056763
103057199
103058315
103061091
103061273
103061286
103061691
103061717
103061769
103062125
103062826
103063092
103064543
103065807
103065852
103066535
103066967
103067482
103068437
103072897
103075046
103075186
103075247
103075616
103077939
103078921
103080672
103081438
103083979
103084341
103087390
103089904
103090101
103094341
103094912
103096134
103097480
103098471
103100332
103100336
103100606
103100987
103101775
103102034
103102577
103102812
103104921
103107567
103113276
103114576
103115152
103120943
103121868
103122518
103123622
103124712
103125438
103125467
103126215
103128450
103128454
103128877
103130999
103131016
103131026
103132433
103134553
103134574
103134592
103134703
103135174
103135436
103135731
103135887
103136061
103137254
103137286
103137520
103141650
103142612
103142777
103142849
103144369
103146876
103147126
103148862
103149715
103151188
103151539
103152900
103153867
103157024
103158037
103158338
103159028
103159111
103159666
103159990
103160075
103161576
103162619
103162651
103162710
103162759
103164981
103165552
103168253
103168369
103168527
103168533
103168982
103170908
103171225
103171252
103171712
103171765
103172212
103172216
103172244
103172261
103174069
103174455
103176055
103176202
103176507
103177434
103177830
103177986
103178519
10317873
103181880
103186284
103187461
103188756
103189720
103189817
10319007
103190400
103190922
103193826
103194171
103200202
103200261
103200304
103204419
103205411
103205459
103208080
103208084
103209725
103212862
103213292
103214240
103214329
103214343
103214608
103216071
103216875
103217680
103217730
103218318
103218383
103218455
103218528
103220219
103228306
103228418
103230640
103233423
103235178
103236475
103236737
103236755
103237110
103237258
103237881
103237925
103238020
103240236
103241630
103242394
103246415
103246493
103246590
103246617
103247983
103248721
103250710
103250951
103251721
103253578
103254361
103255831
103255881
103258192
103258301
103258306
103262362
103264334
103266590
103268879
103271486
103271903
103274645
103279257
103280474
103281399
103288183
103300351
103301706
103302549
103306869
103308192
103309857
103310003
10331201
103313660
103314364
103316289
103317928
103320796
103321249
103324281
103324787
103325959
103326802
103327220
103327447
103328892
103336203
103341484
103342923
103344006
103344345
103346609
103348357
103348898
103348949
103349205
103350035
103350069
103350278
103352439
103354428
103362971
103363155
103363896
103364077
103368545
103370780
103370884
103371054
103374612
103375247
103376021
103376788
103376812
103376819
103376864
103376883
103376899
103376935
103376948
103376951
103377652
103383777
103386741
103388055
103392411
103394043
103394645
103400085
103401348
10340142
103402303
103408271
103410706
103411413
103416598
103416622
103416735
103417605
103417893
103420535
103429508
103430498
103431956
103432765
103434218
103441022
103441900
103442088
103442631
103443101
103443619
103444002
103444093
103445343
103446975
103448971
103454175
103454780
103455629
103455997
103456299
103459616
103469077
103473245
103473856
103478933
103479430
103481346
103481431
103482280
103482524
103482699
103482745
103482779
103482780
103482989
103483008
103483023
103483320
103484710
103486153
103486371
103488844
103490970
103491839
103492050
103493926
103495979
103497899
103498462
103498474
103498529
103498562
103500571
103507456
103509187
103509206
103509996
103510123
103510499
103510548
103511967
103512626
103514000
103514397
103514414
103514658
103516266
103519676
103519938
103524067
103525538
103526577
10352796
103533817
103534801
103536084
103537202
103537703
103539224
103541442
103544526
103548380
103548463
103548744
103548752
103550634
103551862
103551994
103552705
103553348
103554159
103554549
103554595
10355473
103554863
103556068
103556395
103559196
103561725
103561847
103562123
103562799
103563141
103563143
103563224
103564362
103569838
103570760
103574709
103580978
103582060
103582921
103583076
103586573
10358854
103589816
103591008
103592337
103592484
103593430
103593714
103595783
103596619
103597325
103598333
103598724
103599267
103600645
103600694
103603057
103603631
103610325
103611086
103611599
103612821
103614032
103614326
103615307
103615370
103615900
103618155
103618284
103619078
103619342
103620420
103621175
103622462
103624292
103624380
103624981
103625021
103628299
103628303
103628306
103628614
103629761
103630088
103633749
103636438
103643580
103644387
103646006
103646076
103646338
103646438
103646755
103647000
103647761
103649546
103652132
103652228
103652388
103652433
103652794
103653450
103653641
103653940
103654064
103655086
103655296
103655297
103655599
103655646
103656347
103656529
103658321
103659451
103659493
103662674
103668310
103673193
103674969
103676177
103676223
103677411
103677535
103677781
103678982
103679142
103680477
103683669
103685541
103685542
103687589
103687597
103688063
103689883
103689884
103690767
103694698
10369642
103697254
103697260
103698270
103699549
103700213
103702743
103702956
103703811
103706121
103708902
103709998
103711734
103711781
103711909
103712210
103712806
103714019
103714211
103715033
103716094
103718637
103719291
103725116
103725130
103725171
103725683
103725802
103727768
103727806
103727872
103729152
103729719
103729860
103729870
103729878
103730560
103730875
103731003
103731169
103731601
103732996
103733228
103733642
103733832
103734495
103734526
103735233
103735819
103735988
103738772
103742063
103742704
103742760
103742835
103750139
103763545
103763557
103763642
103763791
103767182
103767215
103769170
103770666
103770853
103771698
103772797
103772799
103775324
103775657
103777252
103777267
103783198
103784764
103786860
103787671
103791437
103797064
103797277
103799422
103801352
103802225
103806631
103807106
103807812
103810198
103810493
103811914
103817961
103822416
103823253
103827387
103829514
103831290
103834709
103842075
103842195
103843353
103847282
103853253
103853321
103860152
103867990
103871881
103872312
103873671
103878467
103879479
103881624
103882000
103892707
103896620
103901473
103903304
103903591
103905924
103911524
103911553
103912417
103912881
103915129
103919459
103920851
103921420
103922551
103925998
103928311
103928317
103929022
103930898
103930974
103931815
103932641
103934336
103935187
103935303
103936725
103936784
103936826
103937488
103938000
103938690
103939259
103939926
103947849
103948069
103949365
103950258
103957575
103958139
103958492
103960890
103960990
103963518
10396520
103968596
103970978
103971688
103972008
103973012
103974240
103975264
103978744
103979336
103981859
103982740
103984370
103984598
103987401
103987481
103989973
103990861
103994674
103994922
103997992
103997995
103998582
103999695
104000668
104000796
104002586
104004010
104005240
104006357
104006450
104006716
104009241
104009604
104009936
104010112
104010471
104011243
104011754
104013069
104014249
104014709
104015385
104016143
104017225
104017254
104018772
104021362
104026222
104026636
104028613
104032713
104033891
104034289
104034338
104037698
104037796
104039576
104039631
104042328
104042988
104043346
104043403
104045372
104048438
104049407
104052247
104052630
104053235
104057797
104060993
104061403
104066993
104068617
104069251
104069460
104071348
104072706
104074087
104074554
104077381
104077875
104078225
104078432
104078770
104078904
104079171
104080422
104083592
104088282
104088614
104091294
104092269
104093783
104094443
104095910
104098259
104099943
104103191
104106730
104109878
104110026
104110904
104112001
104112259
104112352
104114166
104116276
104116757
104118359
104119068
104121276
104121894
104122783
104123177
104126624
104127006
104127797
104128337
104128530
104131041
104132384
104133341
104133617
104133699
104134992
104135071
104135086
104135362
104135510
104135523
104135592
104135674
104135762
104135832
104137740
104138686
104139827
104143495
104144510
104148189
104148364
104148622
104148830
104148851
104150831
104151439
104152080
104155910
104156740
104160293
104161396
104163073
104168290
104169119
104172909
104173163
104173171
104173397
104174348
104174647
104174966
104176266
104176622
104176761
104177920
104178228
104181137
104181464
104182016
104182792
104182830
104183238
104183343
104183504
104183917
104184394
104184872
104185518
104186703
104186793
104187005
104188083
104190004
104190412
104191212
104191882
104192032
104194716
104197129
104208408
104208934
104210649
104210814
104212515
104213955
104214341
104215342
104217328
104219431
104220240
104224841
104225079
104225141
104231043
104232435
104232612
104238219
104238860
104239558
104243219
104244254
104249626
104251098
104251579
104252496
104253128
104253498
104253899
104255136
104255149
104255439
104255587
104255884
104256666
104256783
104260948
104261517
104262033
104263346
104264043
104265595
104265964
104267381
104268306
104269184
104269794
104270974
104271916
1042740
104274480
104276812
104277585
104278916
104278930
104278938
104281959
104283017
104290663
104290764
104291104
104292642
104293117
104293750
104293758
104295132
104302905
104303814
104309231
104309636
104314171
104315370
104315925
104316608
104319168
104322487
104324354
104324375
104330915
104332733
104333598
104334170
104338772
104339517
104340143
104343956
104346817
104348608
104349112
104349327
104349588
104350591
104353328
104353381
104356637
104357015
104358180
104359123
104360001
104361112
104361249
104361416
104363289
104365593
104365962
104369166
104371851
104374395
104374464
104379532
104384951
104385308
104385916
104386016
104386153
104386408
104386568
104386627
104389424
104389677
104389739
104389960
104390549
104390957
104392437
104393028
104393150
104393405
104393807
104393931
104394296
104402191
104404349
104406038
104413738
104414436
104415806
104417765
104418276
104420324
104424391
104424511
104424537
104424691
104424941
104425644
104426445
104427145
104427999
104429888
104431233
104432168
104433734
104435046
104435667
104438868
104440194
104440273
104440616
104442987
104443058
104444743
104444873
104445445
104446629
104448341
104454657
104455755
104457404
104458883
104459712
104459731
104462185
104463472
104463785
104468361
104470142
104470943
104471595
104473127
104474378
104474644
104474785
104475905
104476553
104479396
104479494
104482039
104483008
104483035
104483815
104484054
104484212
104488099
104492009
104496801
104498034
104498796
104500756
104502722
104504497
104506104
104506179
104506335
104507028
104507168
104507559
104509845
104510060
104512426
104513908
104515042
104516013
104516479
104517880
104519794
104522286
104527433
104528812
104529140
104531255
104532061
10453330
104533836
104535775
104536100
104536865
104537950
104539407
104539721
104543051
104544397
104544791
104544844
104544882
104545000
104545305
104545848
104545965
104546814
104550464
104550648
104551785
104552966
104555058
104556053
104558802
104559580
104559780
104560006
104561067
104566165
104567827
104567867
104569911
104570734
104574370
104575272
104577943
104578042
104579892
104580035
104580864
104581061
104583416
104584801
104586519
104586556
104586565
104590515
104592615
104595534
104595643
104596329
104596568
104598173
104599173
104603742
104605510
104609315
104610572
104611623
104613343
104613398
104614376
104615666
104615957
104616243
104616387
104616412
104617061
104617644
104621823
104625480
104626831
104626964
104629798
104633836
104635352
104636343
104636454
104637965
104638861
104639317
104639647
104640917
104642355
104642747
104644916
104645178
104646099
104646854
104647017
104647227
104647404
104648693
104649376
104649453
104650876
104651083
104651828
104654676
104656390
104656495
104658578
104658860
104661030
104661287
104661698
104662066
104662483
104665298
104665925
104666081
104668778
104669815
104674345
104676889
104677037
104680979
104680991
104681001
104685117
104685379
104687449
104688826
104693524
104694675
104698340
104698386
104701295
104705407
104707155
104708210
104709309
104709418
104712215
104712379
104714520
104714594
104715067
104715206
104715267
104715442
104716760
104716782
104717220
104717464
104718105
104718577
104720448
104721603
104722601
104723184
104724089
104724108
104724673
104724886
104726147
104726416
104728025
104728647
104729451
104729960
104730500
104730596
104730982
104731146
104733638
104734096
104734202
104734235
104734514
104734700
104735129
104735189
104735218
104741424
104741631
104749662
104751924
104752276
104753094
104756884
104756932
104759754
104760680
104761832
104761936
104761969
104763382
104763644
104764214
104765084
104767090
104767223
104767948
104767970
104768880
104769117
104769127
104769914
104770507
104771940
104773569
104776031
104779017
104781860
10478365
104784378
10478824
104791168
104791461
104791471
104791979
104792317
104794445
104794447
104799866
104800029
104800245
104800968
104803187
104803602
104805000
104805609
104808536
104808990
104812629
104812737
10481354
104814184
104816008
104818923
104823422
104824657
104830533
104831275
104832193
104834040
104834258
104834863
104834952
104835037
104835494
104835621
104835682
104836709
104840405
104844827
104845925
104854138
104855760
104856007
104861783
104865361
104871048
104872974
104873056
104874563
104875163
104882273
104882284
104883886
104886457
104887734
104895670
104898024
104904179
104904196
104904853
104905402
104905529
104914712
104918014
104922546
104923790
104924085
104926435
104926480
104928811
104929097
104931157
104932010
104932495
104933490
104934636
104934750
104934863
104934947
104934957
104935725
104943142
104943638
104943865
104944658
104947190
104951786
104956520
104957798
104959023
104959345
104959654
104968690
104971480
104971625
104972322
104974153
104980882
104982089
104982806
104982812
104984229
104985614
104986019
104986816
104986974
104987441
104989552
104989557
104989590
104992005
104994054
104994110
104994159
104996240
104996319
104999188
105002188
105003856
105006245
105011859
105013715
105016789
105019218
105020422
105022549
105024107
105024365
105024929
105029724
105030929
105031467
105031473
105032082
105032091
105032805
105033139
105033810
105035154
105037551
105039170
105039258
105039786
105041112
105043680
105044383
105045137
105045438
105045739
105045889
105046269
105047287
105049465
105051169
105051472
105054894
105054897
105056102
105058155
105060421
105061049
105063903
105063982
105064002
105064044
105064059
105064165
105064166
105064367
105064443
105064455
105067970
105069076
105069784
105071369
105071457
105072368
105072980
105073761
105074038
105074875
105074956
105075575
105076098
105076717
105076921
105078375
105078620
105080798
105081789
105084456
105085685
105087326
105087405
105087788
105087909
105091353
105093134
105094699
105094737
105095221
105096328
105097281
105102610
105104652
105106630
10510705
105107219
105109994
105111474
105112041
105114012
105116665
105117435
105117489
105119762
105119869
105121918
105123708
105123888
105124850
105125296
105126519
105126656
105128680
105128848
105129945
105130003
105130600
105132378
105136798
105137217
105137653
105137722
105137791
105137845
105138070
105140798
105141047
105144259
105144567
105144923
105145223
105145472
105146707
105147562
105148143
105148400
105148749
105148782
105148922
105149146
105149306
105149496
105149766
105150032
105150050
105150091
105150180
105150622
105150963
105151293
105151620
105156869
105158816
105159767
105160726
105161034
105161126
105161720
105161727
105162490
105163101
105167868
105168858
105169863
105170368
105171295
105172736
105174719
105175522
105179693
105181618
105182188
105182314
105183126
105183589
105184977
105185194
105185220
105185730
105185748
105185846
105185913
105186291
105189294
105190155
105192766
105192792
105193151
105197017
105197055
105197058
105197144
105197367
105197436
105197444
105197810
105201153
105201769
105207228
105211320
105211853
105213137
105214459
105214865
105216923
105217481
105218665
105219285
105224314
105224442
105224773
105224906
105224939
105225169
105225664
105227193
105227567
105227721
105228902
105229312
105231780
105232156
105233505
105236335
105236728
105238068
105238183
105239094
105240021
105240231
105240256
105240343
105240574
105242226
105249590
105255201
105256189
105258110
105259068
105259461
105260329
105261956
105263180
105263907
105264058
105264078
105265495
105267014
105267026
105267083
105267597
105269520
105270486
105270878
105271098
105271737
105272244
105274553
105277181
105281527
105281603
105284015
105285367
105285855
105289937
105290474
105293232
105293346
105293695
105294473
105295896
105297341
105297968
105298041
105298093
105298720
105300160
105300856
105301005
10530103
105303362
105304431
105304723
105304739
105308524
105311446
105311664
105312754
105318716
105320332
105323691
105327966
105331533
105331706
105333040
105334531
105337347
105337803
105338177
105340217
105342686
105342887
105346473
105346606
105346807
105347182
105348554
105356559
105360767
105365095
105365460
105365809
105367079
105367499
105368985
105371014
105371039
105371740
105372128
105378454
105379832
105380747
105388562
105389883
105396857
105402064
105407333
105407407
105407815
105408046
105409593
105417439
105418517
105418570
105421676
105425624
105425732
105426338
105426431
105426503
105430292
105431525
105432480
105435112
105437183
105437858
105439431
105439988
105440235
105441055
105441155
10544499
105447999
105450104
105451090
105453336
105454887
105454899
105455033
105455505
105456282
105456303
105456471
105457588
105459290
105462130
105465417
105465833
105467793
105468756
105473783
105474883
105474941
105475525
105478927
10548033
105481092
105482714
105482717
105486814
105493799
105495128
105497988
105499122
105500289
105500549
105500725
105501442
105501704
105504124
105504172
105504191
105504494
105505010
105505080
105507587
105508661
105509193
105516309
105518199
105520068
105520250
105524596
105525086
105525104
105526820
105526831
105528159
105531218
105532019
105534009
105540356
105540540
105540981
105541683
105542978
105543112
105543273
105543561
105544053
105544353
105544669
105544771
105547548
105551108
105551127
105551486
105553009
105553424
105553893
105554095
105554211
105554893
105557367
105558575
105559898
105561853
105563607
105564024
105564048
105566433
105567461
105567920
105568646
105569391
105569460
105569740
105569949
105570158
105570677
105570709
105570900
105573388
105574720
105575544
105576133
105580429
105582785
105583368
105583636
105583695
105584365
105584868
105586023
105586047
105588107
105588873
105590258
105593047
105594299
105595021
105595271
105598767
105599174
105602934
105602958
105604249
105604280
105605062
105605834
105606204
105606867
105607066
105607149
105607313
105609215
105609907
105612582
105614534
105617565
105619394
105623521
105624881
105626366
105628159
105628291
105631667
105631938
105631983
105632005
105632024
105632626
105636126
105640262
105642232
105642237
105642518
105644442
105645573
105645968
105646790
105648052
105648501
105651611
105651652
105651656
105651967
105651990
105652000
105652005
105652021
105652395
105652723
105661418
105661700
105662164
105662588
105669215
105669934
105670071
105670392
105671902
105672333
105672413
105672996
105674752
105676316
105678196
105681339
105683526
105687217
105687270
105688375
105688435
105688923
105688928
105688937
105688943
105697718
105702877
105702916
105703019
105704124
105707957
105709455
105712278
105714757
105714811
105714883
105715441
105715526
105715681
105717771
105721373
105723442
105723538
105723615
105728971
105730886
105730904
105730933
105731541
105732364
105732440
105732444
105732460
105736737
105736924
105737567
105737584
105739172
105744922
105744986
105747566
105747690
105749433
105749794
105750265
105753660
105754547
105756184
105760100
105760203
105760461
105760655
105760814
105761623
105762137
105764453
105764851
105768512
105769162
105772259
105772349
105772946
105773133
105773366
105774118
105774974
105775833
105777973
105779491
105781860
105782956
105785957
105788071
105791090
105794046
105794848
105796241
105796743
105797642
105797764
10579901
105799512
105800524
105801642
105803139
105804179
105806414
105807996
105808589
105809451
105813608
105813611
105813763
105815048
105815133
105816742
105821062
105823695
105829218
105834582
105836857
105837485
105838217
105838478
105840552
105843874
105846833
105846865
105847599
105848683
105850798
105852693
105853064
105853365
105854316
105854439
105854775
105854962
105855067
105855811
105857287
105859789
105861360
105862435
105863173
105865644
105869411
105870163
105871225
105871641
105874362
105875489
105876663
10587748
105877853
105878336
105879064
105879195
105879570
105880163
105881458
105882507
105882793
105883072
105885717
105887784
105890858
105891667
105891857
105893557
105897534
105898966
105898974
105900036
105902861
105903674
105903866
105906760
105907216
105907764
1059100
105910187
105912376
105914159
105914691
105915059
105915118
105915319
105915624
105916375
105916682
105917311
105917317
105921506
105922233
105922718
105922904
1059232
105923809
105924309
105927726
105928549
105929489
105930637
105930678
105930869
105930875
105932210
105933074
105933341
105933677
105933970
105935648
105936755
105937537
105937707
105937710
105937903
105938008
105938492
105939282
105940698
105941419
105945241
105945427
105946044
105949063
105950261
105950315
105953567
105953611
105956443
105956620
105958481
105958771
105959375
105960472
105962881
105967237
105969122
105970731
105974045
105974272
105976084
105977432
105977470
105977719
105979334
105981739
105983839
105985543
105986916
105987790
105988084
105989930
105995802
105996229
105997498
105997966
105998533
105999511
105999850
106000759
106002272
106002407
106003200
106008269
106010813
106011214
106012948
106014011
106015124
106017429
106017918
106018709
106020173
106022257
106023112
106024110
106024115
106024240
106027581
106027655
106028940
106029260
106029804
106031446
106031742
106031912
106031977
106032121
106033414
106033964
106034035
106034264
106034437
106034788
106035231
106036275
106036366
106036605
106036689
106036900
106038218
106038674
106039171
106039351
106040147
106042098
106042974
106043667
106045825
106046146
106046768
106047527
106048307
106051055
106051412
106053799
106054946
106055401
106056272
106059036
106059676
106059984
106061117
106061189
106063676
106064746
106065215
106066941
106067215
106069814
106072305
106072788
10607625
106076489
106077948
106078918
106079938
106082013
106082992
106083165
106083486
106083912
106085224
106085744
106086374
106091401
106091700
106092019
106092389
106092954
106093049
106094010
106094384
106094533
106097051
106097436
106098510
106099417
106099482
106100400
106101640
106103965
106107090
106110589
106114143
106115620
106115708
106116676
106117610
106117619
106117906
106118570
106119032
106120493
106120540
106120544
106120595
106121173
106122658
106123202
106124633
106127286
106127825
106128411
106131838
106134976
106135289
106138906
106140066
106142255
106143420
106146754
106146973
106154930
106155274
106155948
106156401
106156676
106156722
106158979
106159013
106159059
106159386
106159744
106160100
106161143
106163232
106163298
106164509
106164598
10616556
10616606
106166846
106168899
106169576
106170609
106171237
106173023
106174651
106176889
106177605
106178153
106178343
106178623
106178772
106178808
106179822
106180136
106182296
106182874
106184437
106185342
106185386
106186030
106186671
106186824
106187417
106187989
106188161
106188623
106190814
106192731
106192840
106193064
106194247
106194392
106197529
106199788
106202355
106202444
106202742
106204398
106204530
106204675
106207839
106207897
106208391
106208553
106208572
106209325
106210699
106211344
106211361
106212567
106212579
106212612
106213121
106213658
106214969
106216754
106216766
106217494
106217990
106219922
106225752
106225847
106226989
106229221
106229316
106229596
106232975
106233035
106234191
106234838
106235122
106235592
106235713
106236253
106236309
106236737
106237538
106239071
106242683
106245782
106247741
106247745
106247763
106247794
106248057
106248397
106249997
106251543
106251803
106252212
106252666
106255433
106256975
106259105
106259741
106262571
106262969
106265727
106265728
106265816
106266291
106266758
106267079
106268308
106268905
106269794
106269831
106270214
106270678
106270881
106271190
106271213
106271383
106271455
106271821
106271844
106272204
106272298
106272299
106273754
106274270
106274381
106274393
106275452
106278665
106280745
106281139
106282085
106282405
106286893
106291140
106293506
106293526
106295042
106295323
106295456
106299088
106302973
106303328
106303675
106303732
106303878
106303934
106304014
106304306
106305825
106306884
106309411
106309444
106309815
106309878
106310291
106311120
106311311
106311329
106311823
106313156
106315588
106317237
106320447
106323098
106326105
106326437
106327221
106331023
106331621
106331758
1063317
106331966
106332528
106332651
106335031
106335789
106336090
106336103
106336298
106336810
106336914
106337807
106337888
106338123
106339849
106340171
106340251
106340838
106341011
106341079
106343634
106343861
106343904
106344058
106344115
106344130
106344351
106346077
106346947
106347587
106348008
106348268
106348745
106349059
106350926
106351967
106352062
106354043
106355198
106356175
106356723
106357965
106359564
106361228
106362530
106363186
106365948
106365973
106370960
106374937
106375316
10637677
106377661
106377696
106377784
106377897
106378677
106380720
106381950
106384532
106384785
106385382
106387354
106387967
106388024
106388950
106389717
106392535
106398146
106398867
106399112
106403484
106407576
106409096
106410879
106411255
106411914
106411971
106412411
106412448
106412706
106412776
106413750
106413957
106414472
106415191
106415295
106416264
106417023
106420560
106422316
106428137
106428754
106429482
106432573
106440230
106440605
106440618
106441404
106441753
106443376
106445466
10644644
106451329
106452074
10645440
106455292
106456550
106458378
106460199
10646353
106464575
106470918
106471808
106474772
106478084
106479652
106480248
106480751
106481039
106483375
106484211
106487104
106488415
106489456
106489509
106491825
106492237
106495181
106496588
106498909
106500024
106502277
106504023
106506213
106506619
106506641
106509507
106510989
106512297
106513773
106517886
106522137
106525209
106527724
106528672
106529113
106537482
106537935
106542268
106549977
106550549
106550615
106551922
106552284
106553823
106555123
106555568
106555840
106557292
106559876
106560220
106560687
106565511
10656706
106567231
106572109
106574616
106578367
106581893
106584120
106589027
106589880
106590627
106591019
106591254
106593506
106593583
106600176
106600941
106601503
106604031
106607280
106611081
106613941
106616302
106617945
106619712
106620023
106622148
106622791
106623858
106624661
106625864
106626275
106626938
106627438
106627712
106629650
106678
10678525
10678531
10687458
10693445
10701761
10702871
10709386
1071100
10714728
10717665
10717789
10722647
10733419
10733425
10736296
10776218
10781335
10783592
10802509
10810986
10836515
1083998
10844802
10873343
10875599
10875614
10884753
10887851
10913612
1093169
10940329
10943889
10948423
10972785
10975725
10976521
10985971
10986897
10987583
10990158
10990193
11002324
11003755
1100610
11016037
11025857
1102666
11033115
11066810
11076409
11077421
11079861
11079863
11092181
11104797
11104973
11107607
11122848
11122957
11149393
11149517
11159327
11159338
11164743
11165350
11172338
11179514
1119405
11194652
1120036
112020
11220464
11223150
11232364
11237938
11240429
11265905
11281972
11292050
11292758
11302534
1132898
11366250
11396642
11405207
11423025
11427062
11456263
11460929
11473417
11481432
11488289
11494929
11495416
11496184
11516929
11517147
11521425
11529416
1154163
11545985
1155482
115691
11583609
11591385
11608353
11609854
11614632
11623940
11626268
11626281
11626882
11636569
11648988
11649487
11652684
11652756
11662473
11662511
11666277
11667317
11676012
11677636
11742977
11766835
11775959
11785731
11794253
11801502
11802706
11806983
11806987
11807257
11807778
11812958
11813460
11817824
11820475
1182675
11830928
11836092
11883829
1191051
11911735
1191384
11921513
11932841
11957046
1195926
1196035
11964914
11965458
11978906
11986137
1199562
12018561
12026268
12038021
12053541
12055315
12055900
12062781
12064450
12068157
12071983
12078162
12081842
12109014
12120945
12121516
12124534
12127217
12129004
12129038
12130857
12159408
12159876
12178422
12178696
12183458
12185913
12187339
12188780
12200751
12201166
12201377
12201730
12205604
12215695
12224251
12224355
12224624
12225897
12226656
12227910
12228373
12228591
12231700
12239328
12271728
12288178
1230720
1231631
12329772
12344819
12354852
12361925
12367793
12368640
12385113
12388144
12396291
12404404
12417463
12423349
1245197
12456861
12465525
12473282
12479644
12490832
12493423
12494513
12521085
12521429
12530406
12532715
12538202
12542202
12542849
12549374
1254967
12553778
12553864
12553904
12563106
12567798
12580720
12596703
12596794
12598461
12623126
126360
12648827
12649240
12682221
12687093
12692284
1271157
12715901
12748143
12752226
12752804
12752836
12753080
12753564
12753998
12754934
12778294
12778514
12783064
12825319
12826581
12826793
12840828
12840844
12840925
12845126
12850729
12851182
12851989
12852049
12852078
12852132
12852159
12867445
12875236
12876590
12880586
12889279
12895024
12901626
12904264
12905940
12911752
12917035
12919715
12931377
12934925
12940103
12945741
12964447
12966117
1296829
12969814
12969885
12969939
12970136
12971165
12973185
12974384
12974412
12974733
12974871
12979950
12983284
12999946
13008365
13009956
13013911
13025309
13028665
13036626
13039373
13052566
13053624
13064050
13071138
13071310
13072827
13074677
13074792
13076452
13090290
13109101
13111214
13111315
13111338
13111596
13112933
13113369
13118738
13135452
13144190
13152505
13152698
13176745
13181993
13185838
13190684
13201771
13244725
13245347
13245412
13245417
13248986
13251942
13276507
13293875
13295767
13310837
13328619
13328624
13333030
13333510
13335634
13349677
13350932
13350966
13354598
13354600
13360942
13386454
13408332
13414842
13418819
13426070
13428660
13428670
13430972
13434530
13456523
13458726
13460091
13460195
13469891
13471226
13474574
13478914
13488480
13489457
13525511
13531392
13540057
13553369
13566772
13580958
13587305
13589626
13596741
13614536
13615786
13615987
13617425
13633603
13639360
13642911
13643915
13648108
13653122
13655815
13658269
13666153
13671263
13671497
13676182
13684786
13684836
13699795
13711787
13711847
13713734
13718293
13737765
13740254
13748467
13748483
13758934
13759538
13775643
1377609
13786617
13798951
13798988
13799118
13799269
13803266
13806565
13809209
13809462
1382878
13829530
13833350
13847595
13867381
13868276
13870003
13874719
13874746
13875822
13876392
13899075
13901774
13922588
13940893
13952920
13963116
13971427
13971905
1397547
13998204
14027620
14029557
14035432
14048311
14071597
14093782
14094670
14095689
14129203
14138215
14142542
1414434
14145578
1415196
14168219
14172500
14174311
14174397
14188254
14203370
14218091
14220595
14221049
14223240
14223386
14236674
14236859
14250188
14250562
14258074
14262655
14274520
1428355
14286061
14294998
1430285
1431024
14310588
1431666
14320030
14321523
14326454
14327123
14330619
14333249
14341974
14344856
14350598
14352417
14353243
14366931
14369659
14372094
14372989
14373004
14374803
14376341
14385972
14392861
14395780
14413786
14421433
14422995
14422996
14423563
14424089
14427709
14428033
14428262
14429541
14429709
14430215
14430285
14430769
14431557
14431595
14432174
14432550
14434511
14435813
14436269
14439582
14439640
14439949
14440002
14446600
14460168
14467880
14484058
14494250
14530250
14530449
14530713
14544897
14548392
14548420
14556471
14559066
14565960
14568025
14578575
14587729
14587743
14590207
14595214
14595269
14596317
14597773
14602307
14602660
14603037
14603976
14604035
14604941
14605886
14611279
14617309
14622357
14646831
1464759
14658877
14666887
14667101
14669244
14670253
14678432
14688074
147056
14706104
14706432
14706597
14741367
1474181
14743263
14752857
14778284
14778400
1477910
1478645
14795925
14802717
14802971
14803919
14810374
14812771
14812830
14813416
14814328
14817282
1483768
14852197
14852777
14852876
14855520
14857351
14858458
14861992
14863179
14863276
14872553
14872994
14873735
14873764
14879087
14887249
14890432
14895032
1489984
14901980
14901981
14901983
14903936
14904127
14904539
14907481
14917958
14920100
14922689
14983631
14987474
14991068
14993152
15000669
15001020
15001776
1500200
15008699
15009165
15011174
15015983
15022157
15036981
15037795
15047693
15047867
15047925
15049864
15057038
15059858
15070028
15071529
15073851
15074925
15075127
15075790
15078389
15079238
15088724
15099461
15100022
15119550
15123309
15123590
15127385
15128648
15129846
15143507
15144714
15205469
15209964
15212886
15213878
15218045
15218735
1523916
15266271
15271797
15282595
15292469
15293754
15301011
15314674
15314680
15316227
15321643
15323622
15323791
15325152
15325315
15325816
15325925
15342266
15342267
15342879
15346485
15346563
15353447
15354230
15365980
15370830
15380795
15380806
15402638
15407704
15413376
15413387
15414561
15419604
154227
154240
15429179
15438616
15444982
15444989
15445184
15445290
15459596
15459696
15460180
15461361
15461947
15462418
15462427
15463186
15463580
15464778
